#triangle,137,139,135,141,133,144,132,146,130,149,128,151,126,155,123,160,120,166,116,171,112,177,107,183,102,188,100,191,95,195,90,199,86,203,82,206,80,209,75,213,73,213,70,216,67,219,64,221,61,223,60,225,62,226,65,225,67,226,74,226,77,227,85,229,91,230,99,231,108,232,116,233,125,233,134,234,145,233,153,232,160,233,170,234,177,235,179,236,186,237,193,238,198,239,200,237,202,239,204,238,206,234,205,230,202,222,197,216,192,207,186,198,179,189,174,183,170,178,164,171,161,168,154,160,148,155,143,150,138,148,136,148
fill_circle,127,141,124,140,120,139,118,139,116,139,111,140,109,141,104,144,100,147,96,152,93,157,90,163,87,169,85,175,83,181,82,190,82,195,83,200,84,205,88,213,91,216,96,219,103,222,108,224,111,224,120,224,133,223,142,222,152,218,160,214,167,210,173,204,178,198,179,196,182,188,182,177,178,167,170,150,163,138,152,130,143,129,140,131,129,136,126,139
#rectangle,78,149,78,153,78,157,78,160,79,162,79,164,79,167,79,169,79,173,79,178,79,183,80,189,80,193,80,198,80,202,81,208,81,210,81,216,82,222,82,224,82,227,83,229,83,231,85,230,88,232,90,233,92,232,94,233,99,232,102,233,106,233,109,234,117,235,123,236,126,236,135,237,142,238,145,238,152,238,154,239,165,238,174,237,179,236,186,235,191,235,195,233,197,233,200,233,201,235,201,233,199,231,198,226,198,220,196,207,195,195,195,181,195,173,195,163,194,155,192,145,192,143,192,138,191,135,191,133,191,130,190,128,188,129,186,129,181,132,173,131,162,131,151,132,149,132,138,132,136,132,122,131,120,131,109,130,107,130,90,132,81,133,76,133
#x,87,142,89,145,91,148,93,151,96,155,98,157,100,160,102,162,106,167,108,169,110,171,115,177,119,183,123,189,127,193,129,196,133,200,137,206,140,209,143,212,146,215,151,220,153,222,155,223,157,225,158,223,157,218,155,211,154,208,152,200,150,189,148,179,147,170,147,158,147,148,147,141,147,136,144,135,142,137,140,139,135,145,131,152,124,163,116,177,108,191,100,206,94,217,91,222,89,225,87,226,87,224
#check,91,185,93,185,95,185,97,185,100,188,102,189,104,190,106,193,108,195,110,198,112,201,114,204,115,207,117,210,118,212,120,214,121,217,122,219,123,222,124,224,126,226,127,229,129,231,130,233,129,231,129,228,129,226,129,224,129,221,129,218,129,212,129,208,130,198,132,189,134,182,137,173,143,164,147,157,151,151,155,144,161,137,165,131,171,122,174,118,176,114,177,112,177,114,175,116,173,118
#caret,79,245,79,242,79,239,80,237,80,234,81,232,82,230,84,224,86,220,86,218,87,216,88,213,90,207,91,202,92,200,93,194,94,192,96,189,97,186,100,179,102,173,105,165,107,160,109,158,112,151,115,144,117,139,119,136,119,134,120,132,121,129,122,127,124,125,126,124,129,125,131,127,132,130,136,139,141,154,145,166,151,182,156,193,157,196,161,209,162,211,167,223,169,229,170,231,173,237,176,242,177,244,179,250,181,255,182,257
#arrow,68,222,70,220,73,218,75,217,77,215,80,213,82,212,84,210,87,209,89,208,92,206,95,204,101,201,106,198,112,194,118,191,124,187,127,186,132,183,138,181,141,180,146,178,154,173,159,171,161,170,166,167,168,167,171,166,174,164,177,162,180,160,182,158,183,156,181,154,178,153,171,153,164,153,160,153,150,154,147,155,141,157,137,158,135,158,137,158,140,157,143,156,151,154,160,152,170,149,179,147,185,145,192,144,196,144,198,144,200,144,201,147,199,149,194,157,191,160,186,167,180,176,177,179,171,187,169,189,165,194,164,196
#leftsquarebracket,140,124,138,123,135,122,133,123,130,123,128,124,125,125,122,124,120,124,118,124,116,125,113,125,111,125,108,124,106,125,104,125,102,124,100,123,98,123,95,124,93,123,90,124,88,124,85,125,83,126,81,127,81,129,82,131,82,134,83,138,84,141,84,144,85,148,85,151,86,156,86,160,86,164,86,168,87,171,87,175,87,179,87,182,87,186,88,188,88,195,88,198,88,201,88,207,89,211,89,213,89,217,89,222,88,225,88,229,88,231,88,233,88,235,89,237,89,240,89,242,91,241,94,241,96,240,98,239,105,240,109,240,113,239,116,240,121,239,130,240,136,237,139,237,144,238,151,237,157,236,159,237
#rightsquarebracket,112,138,112,136,115,136,118,137,120,136,123,136,125,136,128,136,131,136,134,135,137,135,140,134,143,133,145,132,147,132,149,132,152,132,153,134,154,137,155,141,156,144,157,152,158,161,160,170,162,182,164,192,166,200,167,209,168,214,168,216,169,221,169,223,169,228,169,231,166,233,164,234,161,235,155,236,147,235,140,233,131,233,124,233,117,235,114,238,112,238
#v,89,164,90,162,92,162,94,164,95,166,96,169,97,171,99,175,101,178,103,182,106,189,108,194,111,199,114,204,117,209,119,214,122,218,124,222,126,225,128,228,130,229,133,233,134,236,136,239,138,240,139,242,140,244,142,242,142,240,142,237,143,235,143,233,145,229,146,226,148,217,149,208,149,205,151,196,151,193,153,182,155,172,157,165,159,160,162,155,164,150,165,148,166,146
#delete,123,129,123,131,124,133,125,136,127,140,129,142,133,148,137,154,143,158,145,161,148,164,153,170,158,176,160,178,164,183,168,188,171,191,175,196,178,200,180,202,181,205,184,208,186,210,187,213,188,215,186,212,183,211,177,208,169,206,162,205,154,207,145,209,137,210,129,214,122,217,118,218,111,221,109,222,110,219,112,217,118,209,120,207,128,196,135,187,138,183,148,167,157,153,163,145,165,142,172,133,177,127,179,127,180,125
star,75,250,75,247,77,244,78,242,79,239,80,237,82,234,82,232,84,229,85,225,87,222,88,219,89,216,91,212,92,208,94,204,95,201,96,196,97,194,98,191,100,185,102,178,104,173,104,171,105,164,106,158,107,156,107,152,108,145,109,141,110,139,112,133,113,131,116,127,117,125,119,122,121,121,123,120,125,122,125,125,127,130,128,133,131,143,136,153,140,163,144,172,145,175,151,189,156,201,161,213,166,225,169,233,171,236,174,243,177,247,178,249,179,251,180,253,180,255,179,257,177,257,174,255,169,250,164,247,160,245,149,238,138,230,127,221,124,220,112,212,110,210,96,201,84,195,74,190,64,182,55,175,51,172,49,170,51,169,56,169,66,169,78,168,92,166,107,164,123,161,140,162,156,162,171,160,173,160,186,160,195,160,198,161,203,163,208,163,206,164,200,167,187,172,174,179,172,181,153,192,137,201,123,211,112,220,99,229,90,237,80,244,73,250,69,254,69,252
spiral,4,-2,10,-3,19,-3,28,3,33,9,34,16,32,23,29,28,24,31,15,34,7,34,0,31,-4,25,-4,16,0,8,9,5,19,5,23,8,25,12,25,17,23,21,16,24
heart,-5,-4,-9,-8,-11,-15,-10,-19,-9,-22,-6,-23,-3,-22,-2,-20,0,-17,2,-20,4,-22,6,-23,8,-23,10,-21,11,-18,12,-15,12,-13,10,-8,6,-4,0,0
heart,764.00,649.00,758.00,628.00,751.00,615.00,742.00,596.00,732.00,572.00,720.00,551.00,704.00,522.00,694.00,496.00,685.00,469.00,680.00,459.00,677.00,441.00,675.00,417.00,675.00,397.00,675.00,367.00,675.00,346.00,677.00,326.00,683.00,308.00,690.00,284.00,694.00,274.00,697.00,266.00,703.00,259.00,706.00,256.00,714.00,250.00,723.00,245.00,728.00,243.00,734.00,241.00,740.00,240.00,745.00,239.00,754.00,236.00,764.00,234.00,783.00,234.00,803.00,234.00,812.00,234.00,817.00,236.00,821.00,237.00,825.00,238.00,826.00,239.00,827.00,241.00,829.00,243.00,833.00,245.00,840.00,252.00,842.00,254.00,845.00,260.00,847.00,266.00,850.00,274.00,852.00,286.00,853.00,297.00,853.00,305.00,853.00,318.00,853.00,342.00,853.00,349.00,851.00,356.00,850.00,361.00,847.00,368.00,846.00,371.00,845.00,377.00,845.00,380.00,843.00,382.00,843.00,386.00,842.00,386.00,842.00,387.00,843.00,380.00,845.00,367.00,851.00,356.00,861.00,343.00,876.00,320.00,898.00,295.00,918.00,273.00,938.00,258.00,945.00,252.00,969.00,236.00,984.00,231.00,991.00,228.00,1003.00,225.00,1012.00,224.00,1028.00,222.00,1037.00,221.00,1047.00,221.00,1054.00,221.00,1061.00,221.00,1070.00,223.00,1075.00,224.00,1078.00,227.00,1082.00,232.00,1094.00,253.00,1103.00,269.00,1111.00,292.00,1117.00,317.00,1118.00,337.00,1120.00,355.00,1120.00,372.00,1120.00,388.00,1119.00,403.00,1106.00,440.00,1090.00,462.00,1079.00,483.00,1063.00,504.00,1043.00,524.00,1018.00,546.00,999.00,557.00,986.00,566.00,974.00,573.00,952.00,584.00,936.00,591.00,915.00,603.00,892.00,615.00,877.00,623.00,835.00,642.00,817.00,651.00,806.00,659.00,803.00,662.00,801.00,663.00,800.00,665.00,799.00,665.00,799.00,666.00
heart,395.00,799.00,391.00,795.00,391.00,792.00,387.00,789.00,386.00,783.00,383.00,779.00,381.00,778.00,377.00,773.00,372.00,763.00,365.00,754.00,356.00,738.00,348.00,727.00,337.00,708.00,322.00,683.00,314.00,669.00,307.00,654.00,302.00,647.00,290.00,622.00,283.00,604.00,278.00,593.00,275.00,586.00,272.00,582.00,268.00,573.00,264.00,565.00,264.00,560.00,260.00,551.00,256.00,536.00,256.00,530.00,255.00,519.00,253.00,510.00,252.00,502.00,250.00,492.00,249.00,482.00,249.00,474.00,249.00,453.00,249.00,428.00,249.00,416.00,249.00,400.00,249.00,388.00,251.00,379.00,254.00,366.00,255.00,352.00,258.00,341.00,260.00,329.00,266.00,312.00,271.00,303.00,275.00,292.00,280.00,282.00,285.00,271.00,293.00,254.00,297.00,243.00,302.00,234.00,303.00,230.00,307.00,225.00,313.00,215.00,317.00,209.00,323.00,200.00,325.00,198.00,329.00,197.00,330.00,197.00,334.00,195.00,336.00,195.00,346.00,195.00,354.00,194.00,363.00,194.00,370.00,194.00,373.00,194.00,383.00,196.00,392.00,199.00,399.00,203.00,403.00,207.00,411.00,215.00,421.00,225.00,427.00,234.00,433.00,245.00,442.00,261.00,449.00,290.00,451.00,307.00,451.00,321.00,451.00,333.00,451.00,353.00,451.00,365.00,451.00,368.00,451.00,375.00,451.00,384.00,451.00,385.00,451.00,384.00,451.00,380.00,451.00,370.00,451.00,361.00,454.00,350.00,456.00,337.00,459.00,327.00,464.00,314.00,476.00,272.00,480.00,261.00,486.00,252.00,492.00,245.00,500.00,235.00,515.00,218.00,524.00,209.00,535.00,201.00,544.00,195.00,558.00,186.00,565.00,185.00,574.00,183.00,582.00,183.00,589.00,183.00,597.00,183.00,600.00,184.00,607.00,187.00,611.00,188.00,621.00,195.00,629.00,201.00,636.00,207.00,648.00,221.00,657.00,233.00,663.00,246.00,665.00,259.00,668.00,276.00,668.00,292.00,670.00,320.00,670.00,334.00,670.00,346.00,669.00,357.00,666.00,369.00,662.00,386.00,655.00,401.00,649.00,412.00,639.00,432.00,634.00,441.00,612.00,478.00,599.00,497.00,587.00,518.00,576.00,539.00,564.00,559.00,556.00,568.00,553.00,575.00,546.00,585.00,533.00,604.00,524.00,616.00,519.00,623.00,512.00,634.00,509.00,640.00,502.00,650.00,498.00,654.00,497.00,656.00,496.00,660.00,492.00,663.00,488.00,670.00,484.00,674.00,480.00,681.00,477.00,690.00,468.00,702.00,464.00,710.00,461.00,715.00,457.00,719.00,452.00,725.00,450.00,727.00,448.00,729.00,447.00,731.00,443.00,734.00,441.00,738.00,435.00,743.00,431.00,749.00,427.00,754.00,419.00,762.00,415.00,768.00,409.00,775.00,408.00,776.00,406.00,778.00,406.00,779.00,405.00,779.00,404.00,781.00,402.00,782.00,400.00,784.00,398.00,785.00,396.00,788.00,395.00,789.00,394.00,790.00,393.00,791.00
clone,942.00,402.00,934.00,396.00,923.00,390.00,915.00,386.00,909.00,383.00,899.00,377.00,892.00,374.00,885.00,373.00,880.00,371.00,873.00,370.00,860.00,369.00,855.00,367.00,848.00,367.00,843.00,367.00,832.00,367.00,828.00,367.00,819.00,367.00,804.00,367.00,797.00,369.00,785.00,382.00,775.00,393.00,766.00,409.00,751.00,435.00,747.00,445.00,744.00,454.00,744.00,463.00,744.00,469.00,746.00,486.00,751.00,497.00,759.00,510.00,765.00,521.00,776.00,537.00,795.00,559.00,805.00,570.00,819.00,582.00,833.00,595.00,852.00,608.00,875.00,618.00,890.00,623.00,908.00,628.00,928.00,632.00,946.00,632.00,958.00,632.00,964.00,632.00,966.00,630.00,968.00,627.00,972.00,619.00,975.00,610.00,975.00,598.00,975.00,582.00,975.00,547.00,974.00,525.00,973.00,508.00,971.00,496.00,968.00,481.00,966.00,462.00,965.00,454.00,965.00,448.00,965.00,445.00,965.00,444.00,965.00,442.00,965.00,441.00,966.00,441.00,970.00,441.00,982.00,441.00,996.00,441.00,1028.00,441.00,1055.00,441.00,1077.00,441.00,1104.00,440.00,1127.00,438.00,1137.00,436.00,1139.00,436.00,1140.00,436.00
clone,1137.00,421.00,1133.00,417.00,1128.00,414.00,1126.00,412.00,1123.00,410.00,1116.00,405.00,1110.00,401.00,1103.00,397.00,1095.00,393.00,1078.00,386.00,1068.00,383.00,1063.00,382.00,1056.00,380.00,1051.00,378.00,1047.00,378.00,1037.00,375.00,1030.00,373.00,1024.00,373.00,1018.00,372.00,1005.00,372.00,1000.00,372.00,995.00,372.00,985.00,372.00,978.00,372.00,967.00,373.00,960.00,374.00,953.00,377.00,939.00,384.00,927.00,393.00,918.00,400.00,911.00,405.00,903.00,411.00,897.00,418.00,886.00,429.00,880.00,436.00,876.00,442.00,870.00,449.00,866.00,458.00,863.00,464.00,860.00,469.00,859.00,476.00,859.00,483.00,857.00,501.00,857.00,510.00,857.00,519.00,857.00,529.00,857.00,543.00,861.00,556.00,863.00,567.00,869.00,578.00,873.00,588.00,884.00,604.00,891.00,615.00,898.00,623.00,902.00,626.00,916.00,642.00,925.00,648.00,936.00,656.00,948.00,664.00,959.00,670.00,981.00,684.00,1000.00,694.00,1018.00,699.00,1030.00,702.00,1058.00,706.00,1075.00,707.00,1084.00,707.00,1096.00,707.00,1103.00,707.00,1112.00,707.00,1117.00,707.00,1125.00,702.00,1130.00,698.00,1139.00,690.00,1143.00,685.00,1145.00,679.00,1148.00,674.00,1149.00,667.00,1154.00,652.00,1155.00,645.00,1157.00,633.00,1157.00,624.00,1157.00,613.00,1157.00,606.00,1157.00,596.00,1156.00,586.00,1155.00,577.00,1152.00,558.00,1150.00,551.00,1147.00,541.00,1146.00,536.00,1143.00,524.00,1140.00,520.00,1139.00,513.00,1137.00,510.00,1135.00,505.00,1134.00,500.00,1134.00,499.00,1133.00,498.00,1133.00,496.00,1133.00,495.00,1133.00,494.00,1133.00,493.00,1133.00,492.00,1134.00,492.00,1138.00,492.00,1144.00,492.00,1151.00,492.00,1158.00,492.00,1178.00,492.00,1199.00,492.00,1220.00,492.00,1255.00,492.00,1291.00,493.00,1312.00,493.00,1337.00,493.00,1356.00,495.00,1373.00,495.00,1393.00,495.00,1400.00,495.00,1406.00,495.00,1409.00,495.00,1410.00,495.00
move,929.00,410.00,929.00,405.00,929.00,401.00,931.00,396.00,933.00,391.00,938.00,381.00,942.00,374.00,946.00,368.00,954.00,357.00,958.00,350.00,966.00,338.00,971.00,334.00,974.00,333.00,976.00,331.00,982.00,327.00,986.00,326.00,990.00,324.00,998.00,322.00,1008.00,320.00,1025.00,320.00,1037.00,320.00,1047.00,320.00,1058.00,320.00,1084.00,324.00,1097.00,327.00,1109.00,331.00,1120.00,335.00,1131.00,341.00,1141.00,346.00,1152.00,353.00,1161.00,361.00,1173.00,373.00,1179.00,380.00,1184.00,387.00,1195.00,405.00,1204.00,423.00,1209.00,441.00,1218.00,468.00,1222.00,488.00,1224.00,505.00,1229.00,527.00,1233.00,561.00,1232.00,577.00,1229.00,594.00,1221.00,618.00,1213.00,648.00,1201.00,680.00,1190.00,704.00,1176.00,725.00,1165.00,742.00,1144.00,763.00,1132.00,771.00,1119.00,780.00,1106.00,785.00,1101.00,786.00,1087.00,786.00,1061.00,785.00,1040.00,775.00,1018.00,762.00,987.00,738.00,967.00,716.00,942.00,689.00,914.00,652.00,902.00,630.00,885.00,598.00,877.00,577.00,870.00,556.00,868.00,541.00,865.00,522.00,865.00,516.00,865.00,509.00,865.00,502.00,865.00,495.00,867.00,485.00,867.00,482.00,868.00,477.00,867.00,477.00,863.00,477.00,854.00,478.00,819.00,485.00,767.00,493.00,727.00,499.00,694.00,503.00,654.00,505.00,602.00,509.00,578.00,511.00,545.00,513.00,526.00,515.00,515.00,516.00,506.00,516.00
move,988.00,398.00,986.00,386.00,983.00,376.00,982.00,363.00,980.00,349.00,979.00,342.00,977.00,335.00,977.00,328.00,977.00,319.00,977.00,310.00,977.00,302.00,977.00,293.00,977.00,289.00,978.00,282.00,979.00,278.00,981.00,274.00,984.00,269.00,987.00,266.00,994.00,259.00,1001.00,255.00,1010.00,250.00,1021.00,246.00,1044.00,241.00,1060.00,241.00,1076.00,241.00,1103.00,241.00,1121.00,243.00,1152.00,249.00,1180.00,255.00,1193.00,258.00,1203.00,261.00,1217.00,267.00,1226.00,273.00,1237.00,282.00,1251.00,295.00,1266.00,309.00,1286.00,335.00,1297.00,354.00,1312.00,385.00,1318.00,411.00,1320.00,451.00,1322.00,479.00,1322.00,503.00,1313.00,531.00,1306.00,547.00,1288.00,582.00,1275.00,601.00,1263.00,615.00,1248.00,630.00,1229.00,647.00,1210.00,662.00,1197.00,669.00,1189.00,673.00,1159.00,682.00,1151.00,682.00,1147.00,682.00,1145.00,682.00,1138.00,680.00,1123.00,670.00,1112.00,662.00,1095.00,652.00,1081.00,639.00,1064.00,622.00,1039.00,600.00,1031.00,590.00,1027.00,583.00,1019.00,570.00,1010.00,556.00,1005.00,545.00,1001.00,538.00,997.00,531.00,994.00,524.00,990.00,517.00,985.00,506.00,982.00,496.00,979.00,489.00,979.00,479.00,979.00,471.00,979.00,462.00,977.00,455.00,976.00,443.00,976.00,438.00,974.00,434.00,973.00,433.00,973.00,430.00,973.00,429.00,973.00,428.00,972.00,428.00,958.00,428.00,933.00,428.00,906.00,428.00,872.00,428.00,837.00,428.00,775.00,431.00,743.00,431.00,721.00,433.00,704.00,437.00,693.00,437.00
eye,651.00,466.00,653.00,463.00,654.00,462.00,659.00,459.00,663.00,453.00,669.00,448.00,674.00,443.00,683.00,437.00,690.00,434.00,695.00,429.00,701.00,425.00,704.00,423.00,708.00,420.00,710.00,419.00,713.00,418.00,714.00,417.00,716.00,416.00,718.00,415.00,722.00,414.00,724.00,412.00,726.00,412.00,733.00,410.00,745.00,408.00,756.00,408.00,766.00,407.00,781.00,407.00,797.00,407.00,807.00,407.00,819.00,407.00,844.00,403.00,861.00,403.00,887.00,402.00,904.00,402.00,918.00,402.00,934.00,402.00,941.00,402.00,945.00,402.00,946.00,402.00,948.00,403.00,950.00,407.00,953.00,414.00,955.00,423.00,955.00,431.00,955.00,444.00,950.00,455.00,939.00,471.00,916.00,496.00,890.00,512.00,879.00,517.00,872.00,520.00,869.00,521.00,865.00,521.00,862.00,521.00,856.00,519.00,854.00,517.00,849.00,512.00,844.00,505.00,835.00,491.00,832.00,482.00,830.00,476.00,828.00,463.00,832.00,437.00,840.00,429.00,849.00,423.00,858.00,417.00,865.00,414.00,875.00,411.00,877.00,409.00,882.00,409.00,887.00,408.00,897.00,408.00,907.00,406.00,917.00,405.00,929.00,405.00,947.00,405.00,961.00,405.00,974.00,405.00,987.00,405.00,1004.00,405.00,1030.00,405.00,1046.00,405.00,1066.00,408.00,1088.00,409.00,1099.00,412.00,1103.00,413.00,1107.00,415.00,1110.00,416.00,1115.00,417.00,1118.00,418.00,1119.00,419.00,1124.00,423.00,1130.00,428.00,1133.00,433.00,1138.00,440.00,1141.00,447.00,1145.00,452.00,1146.00,455.00,1149.00,459.00,1150.00,460.00,1150.00,461.00,1142.00,470.00,1131.00,481.00,1120.00,497.00,1100.00,523.00,1085.00,542.00,1058.00,567.00,1046.00,578.00,1037.00,581.00,1030.00,585.00,1019.00,586.00,1011.00,588.00,996.00,589.00,984.00,589.00,970.00,589.00,947.00,585.00,932.00,582.00,897.00,568.00,866.00,556.00,843.00,546.00,830.00,539.00,803.00,532.00,782.00,521.00,762.00,513.00,746.00,508.00,733.00,506.00,723.00,502.00,706.00,495.00,697.00,492.00,688.00,491.00,680.00,488.00,673.00,485.00,661.00,481.00,647.00,476.00,640.00,475.00,629.00,472.00,624.00,470.00,623.00,469.00,622.00,468.00
eye,607.00,498.00,612.00,494.00,619.00,490.00,629.00,483.00,638.00,477.00,647.00,471.00,652.00,469.00,666.00,462.00,671.00,459.00,678.00,456.00,684.00,455.00,692.00,451.00,697.00,450.00,704.00,447.00,709.00,445.00,713.00,445.00,721.00,444.00,730.00,441.00,737.00,441.00,743.00,441.00,758.00,439.00,770.00,439.00,784.00,439.00,809.00,439.00,833.00,439.00,863.00,439.00,888.00,442.00,913.00,444.00,930.00,448.00,947.00,451.00,952.00,452.00,954.00,452.00,956.00,452.00,957.00,453.00,961.00,459.00,962.00,468.00,962.00,477.00,962.00,489.00,961.00,501.00,955.00,520.00,944.00,541.00,932.00,553.00,918.00,563.00,894.00,568.00,883.00,570.00,875.00,570.00,870.00,570.00,865.00,566.00,847.00,550.00,835.00,540.00,824.00,531.00,814.00,520.00,805.00,512.00,801.00,506.00,800.00,504.00,799.00,499.00,797.00,488.00,797.00,479.00,798.00,472.00,802.00,461.00,808.00,457.00,824.00,443.00,837.00,438.00,848.00,436.00,863.00,433.00,890.00,424.00,904.00,422.00,921.00,422.00,940.00,422.00,955.00,422.00,986.00,422.00,1003.00,422.00,1020.00,423.00,1040.00,427.00,1061.00,430.00,1078.00,433.00,1093.00,436.00,1105.00,438.00,1112.00,439.00,1124.00,444.00,1129.00,445.00,1136.00,446.00,1138.00,448.00,1143.00,450.00,1144.00,451.00,1146.00,452.00,1149.00,455.00,1156.00,462.00,1158.00,463.00,1159.00,465.00,1162.00,466.00,1164.00,468.00,1165.00,470.00,1170.00,474.00,1172.00,478.00,1178.00,484.00,1186.00,493.00,1191.00,502.00,1195.00,505.00,1198.00,509.00,1202.00,511.00,1204.00,514.00,1209.00,520.00,1216.00,526.00,1226.00,538.00,1236.00,547.00,1244.00,556.00,1243.00,558.00,1237.00,562.00,1227.00,574.00,1213.00,586.00,1204.00,594.00,1190.00,604.00,1166.00,618.00,1126.00,634.00,1085.00,641.00,1052.00,643.00,1020.00,645.00,972.00,647.00,945.00,647.00,924.00,642.00,899.00,638.00,874.00,631.00,834.00,619.00,816.00,614.00,796.00,608.00,776.00,601.00,759.00,594.00,744.00,590.00,735.00,587.00,724.00,583.00,717.00,579.00,708.00,573.00,701.00,569.00,688.00,560.00,681.00,556.00,676.00,553.00,674.00,550.00,671.00,549.00,670.00,548.00,665.00,544.00,649.00,529.00,641.00,522.00,634.00,514.00,627.00,509.00,626.00,506.00,626.00,505.00,623.00,504.00,622.00,503.00,621.00,502.00
